data1
68960
65426
65823
65374
67925
72789
63484
65270
59954
82157
76696
70015
74656
69318
74328
67835
68514
69430
62358
62032
68930
74664
64039
64684
64883
62204
66898
68227
59385
68002
75189
75736
65485
70873
68793
64140
69730
62443
66358
64724
70700
70024
79008
73792
69162
69246
72459
66564
68144
66876
66627
67444
63969
68594
67750
60693
73614
70851
62921
65137
64864
75755
65519
65941
72119
76755
73855
65094
73382
72980
71443
63698
67675
68195
67958
75322
73104
72246
67306
62898
75901
71070
74826
66250
63641
71647
69447
61403
66267
74246
67729
67380
65920
65816
68429
73515
71405
64311
67264
68387
64382
65412
69223
74303
67181
72220
76094
61806
65143
72715
70082
72967
74793
61204
65807
60159
72225
62381
66409
69843
62341
74595
65137
64548
73059
65362
64988
67372
64302
68116
67582
73880
66967
60041
60190
63933
68763
67917
63802
63619
66681
65464
72098
60607
63560
67929
69629
67307
67605
69287
62493
61420
62982
61154
62726
70651
60418
66915
66935
70021
67290
72309
77681
73102
69376
63604
61563
65497
66199
68690
61446
62211
63405
63556
68345
68716
74502
65176
63474
73319
69961
68516
67704
65748
63384
65615
65440
62602
76674
61712
63233
62889
63919
66454
68689
66864
78237
61376
64025
65647
70938
65593
66874
72511
66165
71953
66597
71307
64324
62608
69325
66944
71411
63567
76827
65740
71580
75820
65341
63946
69740
70155
70033
67609
75821
68591
61104
62080
61642
67811
69833
63329
79086
66832
66850
69992
64696
64216
80446
61112
66640
65378
64560
63329
61578
66159
63329
63042
60873
68844
65586
73925
73132
66541
79419
67200
69950
76059
69680
67120
67352
60217
78109
62303
69011
65165
83294
80329
65621
65836
67889
67735
70410
74939
71351
70896
68209
67360
70003
66583
61138
64739
64589
64923
73576
71760
59718
76116
62947
68251
73681
64234
71063
66310
70747
68317
67669
71012
67121
62683
66725
70674
65866
69495
72782
67573
70309
69022
59623
78801
63380
69340
64968
72154
70640
62341
72813
68142
63058
62367
70155
69720
64928
65737
67947
68909
72960
69857
65652
76401
69346
64790
74378
69772
65497
75456
63875
70623
66048
69194
70392
76331
72000
75820
60747
66615
73266
78785
78867
69282
69019
66070
70449
65341
62255
71597
70786
65628
70500
71110
74410
70303
66126
77861
73960
77013
75759
63483
76697
77381
63862
64207
82373
75740
70010
79196
71872
71592
74542
72988
70692
65333
70295
71174
61406
68049
63737
70680
67069
75641
69849
70624
65929
70096
75061
66371
67034
66712
62901
66512
71338
65670
63181
63158
64730
63383
65007
67301
64084
65772
76274
64024
60901
71765
67531
59964
60675
62442
65533
62674
64999
70599
73995
62755
64613
64364
70975
66137
66925
66245
65158
67657
72290
69200
72206
61604
73113
71342
67325
81625
67951
63360
64935
65137
65699
62431
64577
62104
60924
68834
67273
66363
67052
74556
65807
69706
62838
66797
65713
69759
63503
69645
67819
64455
73870
68079
62199
70132
64830
71306
66016
64626
64509
69331
64408
65866
66275
68934
67453
69469
67365
71293
74201
60307
78820
72425
64589
69113
71927
68926
71212
73124
63696
62944
70567
63565
67442
71665
66089
64159
63349
62342
63869
65666
62813
62343
69543
66315
62959
68200
61504
67300
67202
62224
64350
60403
72652
68097
69652
67886
62977
62670
60813
62301
68089
65615
75664
69496
78083
65348
65589
61909
76836
68233
74926
73953
59823
65851
69333
64410
66763
66832
67853
71509
70907
66005
70162
68812
63590
60815
67238
75860
70628
62779
60050
62429
62745
66267
62912
63732
72227
65855
65152
65071
76903
62230
77457
74398
75322
68827
64004
68823
67883
66242
69610
62203
60148
66818
63194
65639
68764
69212
78181
70333
66891
68547
73587
67743
59471
64655
69186
64409
66195
65374
62730
68894
69703
69120
65669
62681
65926
61663
65410
66011
76068
77242
61572
65287
70233
78147
70834
65542
70512
69906
68212
63324
69761
69528
76166
66059
64337
76116
67336
66442
67954
66926
68859
74681
73295
64073
71028
66052
74722
65040
78421
81038
70925
83087
66174
78638
82648
75059
63247
66943
66136
63484
65529
62929
70181
67164
70440
64975
74046
76709
62209
63932
77957
74660
64807
69904
72949
66820
65198
67262
62208
72433
65374
72928
63135
61662
65708
64141
64571
67168
63940
63154
65078
80807
65904
71833
64518
82799
63443
68072
61057
69119
64121
66087
64690
81709
62523
74991
71825
69081
66456
66572
60331
72135
70602
68316
67179
69250
70591
63396
69136
61349
71629
63461
64424
74278
67900
70227
67182
61623
74045
74872
67140
67229
69047
68450
68625
63304
63947
61611
61295
79694
76360
68766
65306
59944
79941
67023
72658
72430
73811
62999
62078
64009
70834
75648
71676
65814
68880
75768
68002
68509
70439
63653
62336
61981
68192
77530
66912
67830
71690
68576
62996
67975
73270
72031
68381
66758
70370
66462
66461
72708
70176
64603
61252
79902
70756
73394
68895
78213
72801
69699
66017
68658
64575
66817
77616
67479
75803
62029
70193
72152
74926
71275
71201
71732
70508
68490
75383
79433
73502
70005
70421
67799
73269
68766
64659
72043
77603
70419
76440
75283
78364
71029
68021
79310
64473
68244
73953
70325
72694
67677
74216
72976
81317
65912
71581
67934
66293
65976
65164
66694
62805
66366
63260
70095
68675
63647
70755
68137
65924
71150
66935
77204
65139
63778
72627
64129
69719
71244
71178
70406
68861
65691
70623
79994
74021
75837
69560
68144
71574
73087
77387
69166
73197
64245
70716
65565
64352
64748
66165
67431
70552
68224
67042
71357
70482
76013
75112
59621
67584
64776
71917
66036
81985
67242
76314
83109
65021
74734
83248
79011
64956
66149
66182
64080
70006
63230
74626
67986
69620
67984
70141
68080
80504
66065
65827
72748
68747
63729
66492
71936
67721
66320
65385
64122
63242
69059
80428
83087
62097
64675
66139
67408
71152
66642
77795
78833
68537
61441
62897
69622
68254
70038
64537
62348
62551
68708
65948
70256
82155
81089
77971
61760
70948
71848
72063
70021
64888
68036
72268
68854
81285
80314
82081
69359
79958
83054
83087
82949
82014
65950
73253
69094
67179
68826
70651
60664
70833
65140
75369
60294
67890
61499
62660
61267
73551
60396
66661
67198
64680
67776
65404
73084
75223
65150
63414
68236
67427
63956
77865
63036
64400
64098
64671
64597
68480
71973
66860
66667
66939
69222
64587
66842
65548
66478
63673
64309
68664
71526
69961
66332
68933
63860
69933
68276
63871
72957
59550
63321
62740
62253
66653
61952
65367
69575
67523
64988
63408
69725
66055
66041
65970
65916
69698
68323
62802
81520
68065
64542
68359
63364
67927
70340
75600
79289
74842
68621
61445
68958
62768
68315
64310
65916
70890
66554
67244
65540
63636
68179
65744
63064
62390
68197
61915
74938
71582
75067
64959
65769
62852
66413
62584
75022
62209
66331
73434
67834
61316
66413
67771
61283
64927
65872
65925
64505
67488
73002
68385
71024
61847
72582
68685
76565
71741
76599
80549
73584
74835
70562
64791
61923
66009
65063
67085
72307
65371
66084
67232
67910
68684
71682
67542
68395
71700
70005
67463
65728
67632
65518
65443
66806
59136
62965
62453
74378
62196
66251
68639
61510
65807
66953
66475
69813
79834
77054
84597
62992
72491
68716
63130
63692
69858
61154
70292
67561
72453
71532
70776
61112
68035
70577
66943
62400
69220
63755
64809
63493
62874
61881
80344
72228
66450
61135
62104
68796
70021
67958
63066
64452
65057
69722
68011
64816
70800
74800
65975
69079
68790
61104
82169
77746
67078
75788
68193
69505
65675
69203
65025
63084
64867
65313
75596
77044
72839
68732
70250
77069
68812
67339
62492
62024
64128
69071
71065
66592
71119
67863
72173
67124
66132
70954
68854
61952
63664
74668
61954
74543
65708
71003
68499
78226
64169
72473
65232
71596
73095
65475
81154
64471
63216
71142
62046
65518
69284
65067
73436
69151
63438
62472
69204
68124
71525
62683
68140
67917
77032
75798
69385
61600
66793
77095
77587
80512
68312
65069
70057
62402
71121
62618
74112
63527
65216
68864
72442
79180
66202
66675
61522
68492
67476
67354
64798
61876
74015
63083
66118
63396
62274
60855
67554
64933
63164
64743
68891
66611
69295
67874
69104
71577
66682
71584
77031
66319
62093
65375
76566
70961
69973
63144
70785
66725
65321
67327
64836
67230
69574
67814
69240
65140
67483
68974
79995
64473
66433
69017
67747
68442
68029
71415
70388
69828
68398
64846
65626
73387
66576
77168
64695
70656
66756
64767
74460
65163
67066
72967
71612
77658
66714
70671
72339
71305
71563
72226
76835
69489
68183
73840
74421
67000
75094
73008
63351
69626
79972
67282
67667
69464
67128
74089
78929
70851
70190
59747
77388
61845
66648
71864
72984
69000
62309
74212
72556
69983
70906
70082
76373
73422
69060
70034
75638
75305
68504
75974
67194
69590
68784
66037
65685
61921
72061
63248
73932
75731
72037
80884
71858
70693
75572
73288
82123
71786
66977
68415
76517
68737
68147
71459
66574
67462
80418
66428
69078
66122
69976
66792
64196
75413
68029
68249
72589
65757
61057
67903
65688
74517
63568
65218
74419
76716
68165
78702
72442
71299
68173
67397
60686
64843
70702
71041
65710
64325
68081
61510
60736
61799
71087
66125
63833
63903
69463
70044
61590
68411
68888
66079
67361
61075
63992
71763
61239
62346
62860
59914
63262
63748
71963
62193
69439
75173
71121
64965
63414
66352
57989
67687
67525
66285
60791
70519
71916
69870
71004
65549
63816
64440
63189
64568
66020
77993
70139
74454
75999
68546
68477
67353
65380
61478
68886
61712
72052
62278
62895
58836
70591
63739
67714
63197
66381
63129
68364
67930
68255
65695
65048
78292
61432
65306
65590
64604
72052
73919
71130
69221
64536
71615
67239
67030
64970
66551
63938
68950
63050
79373
69244
65983
84540
62368
73817
72608
62155
70945
74232
61786
76777
74071
63955
73165
71831
73751
74047
63408
64408
73551
68845
64141
69310
64781
64011
65049
65313
66772
60040
71181
66896
65206
73321
71007
80731
71666
61982
66338
71579
64492
74632
74492
67069
71171
72438
64179
66029
67596
67048
70685
68991
67911
68343
73133
68667
78945
74720
67060
64328
65617
67319
63022
64242
71769
68157
70474
70039
73160
64567
64989
67406
64620
65069
76880
70709
79721
72383
66675
67994
63259
68228
68714
65358
61763
64984
62518
70235
67766
63004
62229
70832
76357
65910
62953
60782
60263
70522
62465
70981
70167
