1 20927
2 20922
3 20126
4 20207
5 20001
6 20182
7 19919
8 20901
9 20090
10 20912
11 20910
12 20915
13 20453
14 19887
15 20124
16 19982
17 20583
18 20310
19 20712
20 19802
21 20271
22 20919
23 20494
24 19909
25 20811
26 20140
27 20916
28 19927
29 20281
30 20734
31 20467
32 20915
33 20353
34 20022
35 20201
36 19626
37 20814
38 19974
39 20568
40 20292
41 20712
42 19680
43 20913
44 20762
45 20581
46 20912
47 20194
48 20365
49 20683
50 20773
51 20716
52 19836
53 20361
54 20758
55 20694
56 20547
57 20189
58 20851
59 20480
60 19965
61 19256
62 20543
63 20924
64 20901
65 20858
66 20913
67 20613
68 20252
69 20781
70 20580
71 20303
72 20745
73 18881
74 19866
75 20255
76 20584
77 20011
78 20572
79 20309
80 20414
81 20532
82 20922
83 20921
84 20068
85 20731
86 20612
87 20321
88 19936
89 19675
90 19721
91 20031
92 20129
93 20820
94 20563
95 20550
96 20528
97 20285
98 20536
99 20349
100 19897
101 20392
102 20640
103 20804
104 20822
105 20086
106 20826
107 20399
108 20388
109 20451
110 20804
111 20872
112 19797
113 20500
114 20061
115 20534
116 20089
117 20536
118 20275
119 19854
120 19803
121 19889
122 20911
123 20155
124 19863
125 20486
126 18798
127 20482
128 19893
129 20421
130 20158
131 20897
132 20831
133 20373
134 19485
135 19823
136 19684
137 20354
138 19421
139 20171
140 19980
141 20174
142 19355
143 20432
144 20311
145 20088
146 20161
147 20493
148 20917
149 20613
150 20647
151 19890
152 19980
153 20146
154 19824
155 20344
156 20306
157 20094
158 20467
159 20922
160 19809
161 20307
162 20837
163 20896
164 20677
165 20162
166 20565
167 19047
168 19526
169 20160
170 20468
171 20523
172 19692
173 20216
174 20196
175 19891
176 20090
177 20917
178 20586
179 19062
180 20683
181 19875
182 20349
183 20403
184 20923
185 19883
186 20316
187 20534
188 20017
189 20908
190 19909
191 20582
192 20333
193 20060
194 20316
195 20054
196 20073
197 20546
198 19777
199 20435
200 19602
201 20516
202 19206
203 20380
204 20145
205 20183
206 19665
207 19799
208 20551
209 20893
210 20575
211 20221
212 20329
213 20298
214 19247
215 20625
216 20356
217 20913
218 19731
219 19541
220 20371
221 19994
222 20810
223 20501
224 20468
225 19642
226 20086
227 19775
228 20352
229 19847
230 19510
231 19860
232 19516
233 20770
234 20500
235 20694
236 20258
237 20366
238 20289
239 20908
240 20485
241 20515
242 20037
243 20230
244 20023
245 20341
246 20268
247 20288
248 20303
249 20321
250 20077
251 20563
252 20584
253 20905
254 20334
255 20904
256 20005
257 19682
258 20326
259 20337
260 20129
261 20429
262 20047
263 20758
264 20771
265 20873
266 20032
267 20921
268 20923
269 20331
270 20089
271 20528
272 20844
273 20817
274 20830
275 20354
276 20296
277 20128
278 20233
279 20628
280 20902
281 20621
282 20488
283 20856
284 20074
285 20237
286 19829
287 20545
288 20512
289 19984
290 19584
291 20716
292 19932
293 20386
294 19809
295 20479
296 20807
297 19630
298 19795
299 20096
300 20248
301 20270
302 20872
303 20607
304 20315
305 20615
306 20533
307 20647
308 20254
309 20701
310 20901
311 19411
312 20410
313 20655
314 20860
315 19759
316 19186
317 20910
318 19849
319 19846
320 19802
321 20913
322 20711
323 19939
324 19826
325 20387
326 20899
327 20923
328 20908
329 20486
330 20833
331 20738
332 19733
333 20873
334 20415
335 20555
336 20590
337 19306
338 20922
339 20366
340 20616
341 20695
342 20652
343 20138
344 20905
345 19560
346 20331
347 20515
348 20625
349 20845
350 19889
351 20490
352 20444
353 20915
354 20313
355 20592
356 20691
357 20920
358 20824
359 20574
360 20881
361 20899
362 20780
363 20496
364 20404
365 20638
366 20577
367 20762
368 20639
369 20769
370 20918
371 20822
372 19736
373 20905
374 20731
375 20538
376 20648
377 20710
378 20465
379 20923
380 20868
381 20923
382 20691
383 20921
384 20921
385 20485
386 20665
387 20707
388 20152
389 20710
390 20459
391 20462
392 20448
393 20231
394 20140
395 20278
396 20410
397 20212
398 19799
399 20060
400 20192
401 20682
402 19844
403 20231
404 20249
405 20907
406 20317
407 19923
408 20729
409 20588
410 20158
411 20037
412 19414
413 19284
414 19854
415 19821
416 20223
417 19622
418 19906
419 20833
420 19766
421 19894
422 20291
423 20569
424 19453
425 19963
426 20450
427 19690
428 20642
429 19855
430 20634
431 20329
432 19243
433 20303
434 20731
435 20757
436 20633
437 20820
438 20344
439 20396
440 20911
441 20543
442 20357
443 20240
444 19805
445 20021
446 19571
447 19687
448 20745
449 20485
450 19932
451 19913
452 20787
453 19908
454 20096
455 20119
456 20524
457 20396
458 19424
459 20123
460 19922
461 19892
462 20139
463 20921
464 20522
465 20723
466 20309
467 20695
468 20853
469 20512
470 20705
471 20494
472 20389
473 19567
474 20379
475 20089
476 20280
477 20454
478 20512
479 20460
480 20442
481 20210
482 19934
483 20700
484 20334
485 20912
486 19943
487 20176
488 20236
489 20013
490 20457
491 20259
492 20063
493 20824
494 20514
495 20568
496 20327
497 19822
498 19744
499 19562
500 19891
501 20023
502 20228
503 20752
504 20752
505 20365
506 20512
507 20790
508 20059
509 19980
510 20710
511 19927
512 20098
513 19738
514 18501
515 20342
516 19537
517 19805
518 20416
519 20466
520 19165
521 20246
522 20583
523 20079
524 20606
525 20675
526 20258
527 20689
528 20187
529 20887
530 20156
531 19572
532 18634
533 20754
534 20290
535 20422
536 19989
537 19440
538 20334
539 20408
540 20499
541 20537
542 20605
543 19838
544 20922
545 20124
546 20031
547 20563
548 20065
549 20021
550 19427
551 20385
552 20878
553 19448
554 19861
555 19615
556 20309
557 19715
558 20126
559 20090
560 20348
561 20856
562 20400
563 20397
564 20524
565 20304
566 20211
567 20904
568 20906
569 20919
570 20620
571 19649
572 19404
573 20008
574 20785
575 20524
576 20642
577 20408
578 20561
579 19056
580 19488
581 19382
582 19645
583 20924
584 20913
585 20831
586 20332
587 20764
588 19547
589 19986
590 19884
591 19829
592 19426
593 20862
594 20670
595 18949
596 20258
597 20449
598 20182
599 20426
600 20177
601 20692
602 19572
603 19947
604 19997
605 20914
606 20890
607 19969
608 20068
609 20786
610 20767
611 20394
612 20809
613 20072
614 20644
615 20893
616 19686
617 20565
618 20305
619 20862
620 19969
621 20164
622 20786
623 20092
624 20242
625 20118
626 19845
627 20127
628 20448
629 20412
630 19933
631 20255
632 19660
633 20837
634 20678
635 20632
636 20904
637 20256
638 20855
639 19371
640 20591
641 20922
642 20855
643 20500
644 20793
645 19997
646 20797
647 19727
648 19543
649 20511
650 20825
651 20884
652 20489
653 20545
654 20554
655 19498
656 20890
657 20693
658 20004
659 20027
660 19890
661 20424
662 20251
663 20767
664 19883
665 19757
666 19977
667 20580
668 20162
669 19908
670 19273
671 19770
672 20602
673 20064
674 19557
675 19941
676 20098
677 19895
678 20816
679 20165
680 20250
681 20189
682 20691
683 19129
684 20219
685 19049
686 20744
687 20021
688 20482
689 19843
690 20917
691 19658
692 19979
693 20917
694 20923
695 20056
696 20428
697 20067
698 20651
699 20303
700 19444
701 20419
702 19859
703 20335
704 19607
705 19959
706 19916
707 20457
708 19685
709 20613
710 20886
711 20188
712 20919
713 20276
714 19662
715 20902
716 20904
717 20877
718 20623
719 20259
720 20421
721 20490
722 20255
723 19788
724 20459
725 19694
726 20661
727 20429
728 19990
729 20342
730 20045
731 20915
732 20146
733 20533
734 20538
735 20416
736 20107
737 20634
738 19945
739 20495
740 20367
741 20769
742 20545
743 20849
744 19578
745 19679
746 20362
747 20678
748 20186
749 20414
750 19603
751 20147
752 20338
753 20369
754 20870
755 19634
756 20401
757 20498
758 20169
759 20591
760 20224
761 20089
762 20235
763 20425
764 20220
765 20398
766 19873
767 20855
768 20643
769 19539
770 20618
771 20209
772 20907
773 20450
774 20512
775 19849
776 20461
777 20177
778 20835
779 20093
780 20467
781 20726
782 19523
783 20666
784 20011
785 20319
786 20874
787 20898
788 20851
789 20326
790 20308
791 20594
792 20330
793 20737
794 20856
795 20415
796 20210
797 20482
798 20324
799 20888
800 20506
801 20493
802 20589
803 20400
804 20922
805 20534
806 20482
807 20559
808 20915
809 20915
810 20867
811 20718
812 20481
813 20918
814 20463
815 20535
816 20536
817 20633
818 20584
819 20917
820 20688
821 20046
822 20276
823 20873
824 20151
825 20779
826 20533
827 20267
828 20496
829 19842
830 20905
831 20907
832 19323
833 20283
834 20113
835 20461
836 20693
837 20741
838 20391
839 20111
840 20775
841 20819
842 20489
843 19974
844 20189
845 20832
846 20245
847 20580
848 20615
849 20533
850 20918
851 20713
852 20855
853 20831
854 20811
855 20918
856 20340
857 20653
858 20132
859 19929
860 19873
861 20668
862 19925
863 20278
864 19966
865 20435
866 20332
867 20832
868 20754
869 19868
870 20785
871 19464
872 20657
873 20921
874 20794
875 19902
876 20063
877 20787
878 20606
879 20901
880 20173
881 20575
882 20508
883 19501
884 20179
885 20918
886 20900
887 19866
888 20268
889 19867
890 20184
891 20330
892 20059
893 20293
894 20005
895 20299
896 20506
897 20920
898 20097
899 20887
900 20355
901 20564
902 20629
903 20922
904 20114
905 19968
906 19424
907 20590
908 20353
909 20869
910 19602
911 19687
912 20550
913 20679
914 20823
915 19523
916 19922
917 19930
918 20539
919 20023
920 19719
921 20791
922 20597
923 20549
924 19886
925 20384
926 20351
927 20565
928 20272
929 19847
930 19785
931 19944
932 20382
933 19365
934 19942
935 20619
936 20925
937 20845
938 19880
939 20103
940 20482
941 20432
942 20306
943 20018
944 20270
945 20250
946 20013
947 20752
948 20845
949 20903
950 20416
951 20913
952 20888
953 20846
954 20908
955 20918
956 19801
957 20211
958 20104
959 20144
960 20829
961 20268
962 20205
963 20840
964 20358
965 20585
966 19856
967 20181
968 19715
969 19964
970 19937
971 20866
972 18991
973 19832
974 20190
975 19800
976 19747
977 20455
978 20001
979 20605
980 20530
981 20429
982 20189
983 19415
984 19546
985 20918
986 19478
987 20452
988 20773
989 20059
990 20758
991 20194
992 19924
993 20191
994 20597
995 19932
996 20451
997 20454
998 20232
999 20665
1000 20271
1001 19299
1002 20919
1003 20477
1004 20626
1005 19846
1006 20034
1007 20917
1008 19525
1009 20808
1010 20544
1011 20439
1012 20247
1013 19487
1014 20680
1015 20488
1016 20578
1017 20555
1018 20464
1019 19961
1020 20722
1021 20388
1022 19781
1023 19926
1024 20587
1025 20099
1026 17204
1027 19645
1028 20252
1029 20806
1030 20640
1031 19629
1032 20645
1033 20899
1034 19732
1035 19796
1036 20276
1037 20403
1038 20265
1039 20920
1040 20924
1041 20906
1042 19937
1043 20275
1044 20300
1045 19924
1046 20450
1047 19557
1048 20005
1049 20120
1050 19929
1051 19934
1052 20323
1053 20919
1054 20537
1055 19767
1056 20588
1057 20049
1058 20387
1059 20281
1060 20826
1061 20919
1062 20779
1063 20755
1064 20133
1065 19858
1066 20051
1067 19781
1068 20394
1069 18859
1070 19844
1071 20891
1072 19888
1073 19119
1074 20835
1075 20312
1076 20459
1077 20385
1078 20302
1079 20669
1080 20619
1081 20583
1082 20793
1083 20050
1084 19798
1085 20189
1086 20804
1087 20831
1088 20571
1089 20914
1090 20808
1091 20910
1092 20139
1093 20888
1094 20011
1095 19620
1096 20328
1097 20076
1098 20194
1099 20241
1100 20695
1101 20253
1102 19618
1103 20188
1104 20661
1105 20461
1106 20070
1107 20221
1108 20119
1109 20387
1110 20890
1111 20867
1112 20209
1113 20408
1114 20234
1115 20658
1116 20314
1117 20079
1118 20594
1119 20012
1120 20333
1121 20055
1122 20452
1123 20640
1124 19832
1125 20233
1126 19387
1127 20694
1128 20399
1129 20826
1130 20434
1131 20910
1132 20823
1133 20649
1134 20092
1135 20344
1136 19747
1137 20467
1138 19488
1139 20383
1140 19651
1141 20584
1142 20244
1143 19858
1144 20352
1145 20576
1146 20307
1147 19891
1148 20071
1149 19971
1150 19805
1151 20083
1152 20044
1153 20024
1154 19341
1155 20920
1156 20220
1157 20029
1158 20300
1159 20440
1160 20380
1161 20326
1162 20025
1163 20315
1164 20408
1165 20822
1166 20375
1167 20454
1168 20872
1169 20317
1170 20273
1171 20620
1172 20789
1173 20569
1174 19647
1175 20628
1176 20561
1177 19967
1178 19800
1179 20815
1180 20543
1181 20377
1182 20547
1183 19775
1184 19661
1185 19888
1186 19533
1187 20846
1188 20617
1189 19869
1190 20318
1191 20845
1192 20697
1193 19491
1194 20394
1195 19550
1196 18981
1197 19584
1198 19559
1199 20632
1200 20346
1201 20177
1202 20904
1203 20923
1204 20469
1205 19581
1206 20551
1207 20552
1208 20162
1209 20199
1210 20903
1211 20209
1212 20061
1213 20859
1214 20682
1215 20201
1216 20605
1217 20739
1218 19522
1219 20194
1220 20068
1221 20009
1222 20287
1223 20893
1224 20567
1225 20147
1226 20920
1227 18961
1228 19395
1229 20643
1230 20690
1231 20737
1232 20149
1233 20059
1234 20566
1235 19272
1236 19619
1237 19749
1238 20317
1239 20300
1240 20079
1241 20920
1242 20824
1243 19915
1244 20658
1245 20588
1246 20905
1247 20326
1248 20857
1249 19742
1250 20353
1251 20678
1252 19830
1253 19760
1254 19327
1255 20580
1256 18884
1257 20736
1258 20470
1259 20399
1260 20768
1261 20363
1262 20461
1263 19823
1264 20470
1265 20320
1266 20433
1267 20137
1268 19840
1269 20252
1270 20063
1271 20605
1272 19781
1273 20752
1274 19266
1275 20300
1276 19825
1277 20002
1278 20038
1279 19899
1280 20560
1281 20613
1282 20864
1283 20099
1284 20906
1285 20592
1286 20388
1287 19872
1288 20374
1289 20791
1290 20052
1291 20898
1292 20741
1293 20221
1294 20675
1295 20783
1296 19423
1297 19369
1298 20068
1299 19177
1300 20904
1301 20772
1302 19491
1303 20902
1304 20119
1305 19818
1306 20252
1307 20573
1308 20355
1309 20798
1310 20466
1311 20278
1312 20429
1313 20902
1314 20053
1315 20501
1316 20064
1317 20668
1318 19926
1319 19726
1320 20834
1321 20897
1322 20788
1323 20009
1324 20267
1325 20259
1326 20454
1327 20909
1328 20146
1329 20502
1330 20713
1331 20533
1332 20660
1333 20438
1334 19337
1335 19448
1336 20239
1337 20847
1338 20856
1339 20277
1340 20676
1341 20432
1342 20541
1343 20606
1344 19849
1345 20742
1346 20314
1347 20145
1348 20188
1349 20908
1350 19611
1351 20745
1352 20452
1353 20686
1354 20903
1355 19913
1356 20674
1357 20872
1358 20181
1359 20838
1360 20068
1361 20069
1362 20846
1363 20619
1364 20617
1365 20680
1366 20847
1367 20268
1368 20603
1369 20683
1370 20300
1371 20754
1372 20299
1373 20366
1374 20634
1375 20552
1376 20469
1377 20612
1378 20913
1379 20152
1380 20487
1381 20578
1382 20285
1383 20849
1384 19799
1385 20879
1386 20598
1387 20912
1388 20568
1389 20878
1390 20913
1391 20364
1392 20745
1393 20563
1394 20125
1395 20920
1396 20280
1397 20778
1398 20574
1399 20544
1400 20909
1401 20563
1402 20549
1403 20753
1404 20492
1405 20495
1406 20453
1407 20916
1408 20199
1409 20453
1410 20914
1411 20735
1412 22418
1413 19901
1414 20403
1415 20583
1416 19286
1417 20693
1418 20558
1419 20089
1420 20367
1421 20084
1422 20383
1423 19671
1424 20568
1425 20063
1426 20394
1427 19474
1428 20453
1429 20739
1430 20877
1431 20004
1432 20017
1433 20892
1434 20131
1435 19959
1436 19977
1437 20519
1438 20769
1439 19511
1440 20410
1441 20361
1442 20054
1443 20123
1444 20754
1445 20535
1446 20663
1447 20049
1448 20364
1449 20140
1450 19903
1451 20899
1452 20417
1453 20891
1454 20328
1455 20196
1456 19861
1457 20568
1458 19813
1459 20261
1460 20445
1461 20440
1462 19904
1463 20042
1464 20812
1465 20355
1466 20605
1467 20504
1468 20206
1469 19734
1470 20858
1471 20057
1472 20507
1473 20569
1474 20072
1475 19751
1476 20858
1477 20572
1478 19978
1479 20016
1480 20762
1481 19950
1482 20303
1483 20469
1484 20733
1485 20714
1486 20850
1487 20912
1488 19409
1489 20033
1490 20046
1491 19513
1492 19959
1493 19640
1494 19397
1495 20131
1496 20107
1497 20093
1498 19362
1499 20531
1500 19833
1501 20611
1502 20418
1503 19803
1504 19889
1505 20028
1506 19817
1507 20148
1508 19382
1509 20352
1510 20915
1511 20909
1512 20358
1513 20312
1514 20021
1515 20344
1516 20646
1517 20000
1518 20363
1519 20119
1520 20483
1521 20758
1522 19778
1523 20455
1524 20569
1525 20754
1526 20414
1527 19948
1528 20525
1529 19920
1530 19914
1531 20915
1532 20763
1533 20478
1534 20170
1535 18198
1536 20119
1537 20202
1538 19819
1539 20346
1540 20617
1541 20615
1542 20923
1543 20901
1544 20356
1545 20380
1546 20534
1547 20124
1548 20590
1549 20303
1550 19587
1551 20595
1552 19829
1553 19831
1554 20488
1555 19732
1556 20535
1557 19732
1558 19523
1559 20517
1560 19557
1561 20240
1562 20783
1563 20872
1564 20150
1565 19397
1566 19942
1567 20248
1568 20075
1569 20402
1570 19997
1571 20559
1572 20448
1573 20231
1574 20000
1575 20410
1576 20455
1577 20367
1578 20290
1579 20745
1580 20692
1581 19800
1582 20477
1583 20497
1584 20547
1585 20365
1586 20105
1587 20092
1588 19823
1589 20120
1590 20291
1591 20529
1592 20306
1593 20256
1594 20437
1595 19879
1596 19943
1597 20557
1598 20540
1599 19884
1600 19903
1601 20139
1602 19695
1603 20886
1604 20354
1605 20354
1606 20554
1607 20166
1608 19483
1609 20248
1610 20140
1611 20355
1612 19907
1613 19375
1614 19433
1615 20042
1616 19927
1617 20920
1618 20050
1619 20725
1620 20401
1621 20702
1622 20111
1623 19749
1624 20624
1625 20669
1626 19661
1627 20450
1628 20628
