data
1
8051
19751
19951
19626
19807
17856
18838
19314
17298
13881
12530
19909
16273
19348
19805
20462
18247
4662
17029
15641
12534
15864
15279
12426
18077
15137
17864
15651
20359
17694
8044
19265
18507
18138
18538
18751
14195
14789
13263
19197
19305
13884
6321
12196
16282
19418
16751
16053
7902
7845
16222
15731
10927
9355
16933
11804
6410
6039
15335
16483
18480
4874
11070
18795
18140
20492
19476
20005
18517
19928
17131
18795
18778
16641
14805
14232
9233
18246
13385
16918
8051
8050
18553
19643
19836
17548
17873
15045
18945
18943
18066
18757
14784
16936
19013
18770
18473
17576
16283
16778
14861
10973
19734
18571
15047
16785
14609
18936
17190
20096
17734
20125
15431
7663
17316
19021
16661
18766
19428
17116
15132
18092
17800
20446
18423
6041
12864
13392
19070
12512
11000
11988
16712
18735
18596
20233
18333
14392
16366
17401
18980
18369
11926
16474
16547
14714
13888
19098
17033
16276
18465
19602
16210
10513
16692
16480
13438
8051
16195
19763
16207
13867
20302
19074
13536
18791
17463
17387
16854
12138
15062
14437
18133
17118
18575
15138
7715
16999
20308
19619
13320
13374
6482
15253
18253
10703
10186
11077
16295
13553
16719
16446
15686
18539
17300
20460
17714
14656
18087
19740
18662
15750
20113
20097
19579
17736
19036
12508
9236
16607
19954
19754
17732
17011
11971
18850
19475
18453
14592
19218
10979
13472
19380
19465
16472
17712
11967
11462
17447
18345
18001
19255
17727
16064
17485
19278
15659
18845
10654
9176
13008
15600
16409
16727
19180
19200
13274
11936
18562
18500
9245
16275
19246
17290
19229
18167
20149
14558
15499
13400
13018
19982
1472
11042
16418
9582
6482
13302
13060
14749
6403
10986
16200
16740
14517
18065
18718
17855
11071
12236
10657
13827
18559
16623
18314
13516
20256
19728
17521
13687
17869
18323
19434
18416
18744
19255
18280
18581
18733
16656
17258
18544
16701
7744
16919
16017
13225
6260
18128
16638
7539
7784
19345
19638
17671
11079
18334
17073
17029
8042
9372
17166
18738
18872
12514
6482
4858
17713
18060
12353
15103
16243
19327
16941
19814
18530
8051
9027
15986
18632
20475
17365
18842
14930
11946
20338
20574
20301
19345
18975
17671
12530
19225
18529
13662
11089
4774
7703
18108
19384
15001
16882
18889
17024
17804
17148
6198
16139
13889
12437
16963
20784
17117
18475
19560
18647
13436
6482
11037
6482
6250
9582
9582
14706
12280
14928
19376
19622
19371
17689
16834
17458
18077
20022
19634
20091
19543
17997
13163
10851
17071
19143
14470
3234
13288
16309
9390
12203
18095
19860
18870
19028
19768
16207
17450
16849
12877
20458
16993
14115
19515
19481
18677
17190
18387
16076
12257
11470
7763
11944
16470
13274
14952
13728
7762
7949
18281
14617
19823
18480
10526
18177
18717
16407
15957
13908
9406
18422
19388
17140
16157
18393
19008
19031
15894
13367
19168
19946
17859
18377
17366
9582
15892
17109
16695
7824
6412
18449
19617
16880
17616
19023
19603
8750
8941
9115
18997
17687
17669
15580
18846
12315
13305
19397
16329
19400
19692
11628
10626
15629
19287
10993
14735
15938
18264
19278
18968
15948
17828
18935
16614
13723
13723
10534
15882
13761
16445
17207
17096
17864
11713
19194
18480
11957
18449
18717
9077
20289
19079
14467
13554
11694
12221
16045
10427
10858
19812
20111
19900
19506
18457
17981
16676
12037
15359
17925
13305
13379
15869
15907
15975
16224
6481
18609
15401
13534
18002
18506
16654
12000
18815
19422
19605
16842
11924
16942
19038
16476
18285
18083
18337
19853
13495
11919
18148
16274
6465
4869
13591
17586
19148
18920
12400
13495
4592
5967
19473
18280
17425
18838
18130
4874
6472
15052
11947
17150
16774
17923
15254
17056
17911
18089
16040
17434
19714
20193
16568
16812
15547
17078
13793
15317
14218
12529
4840
15339
15438
6345
10936
15764
19721
18984
18581
8022
18171
19050
14526
20086
19848
16550
13757
19004
19986
19342
17782
18064
12063
13383
17870
16641
16046
16207
20303
20088
19816
17483
20769
18595
7720
8051
9516
10669
19278
18482
7926
16113
19422
20334
20281
6443
10658
18482
20514
16725
12505
20516
19918
18939
18375
19336
19475
12382
18368
18981
17204
14801
19074
18820
19017
18682
16988
18549
18469
16327
19723
18380
20441
18102
19706
19413
18628
18873
19131
18505
17130
19765
17709
15213
15138
18143
17206
6476
4873
14277
16814
13038
18588
18240
18668
18356
15229
15705
18831
16345
16302
18942
16912
13584
18823
11803
12534
18213
16048
13873
18131
13848
13594
19715
18358
18427
17482
19244
17686
17631
17888
7558
17217
15712
14266
17301
14367
18470
19994
18901
18044
16004
18430
20239
19591
10938
6104
19761
19034
16906
19818
13649
13157
17641
18827
18632
19562
16755
16240
15004
18886
14719
11784
12206
16610
16475
16621
14646
18157
13369
17810
12470
18580
18024
20497
19665
18134
19674
19424
19593
19685
18662
16205
16479
17694
19211
19402
18603
11626
13290
13845
19810
20075
16712
14529
10763
17557
20362
20080
20329
20033
15852
17551
17274
10675
18430
20214
20144
6481
12149
6041
19044
6474
13886
18804
16088
15851
13889
14684
16921
18473
19545
13555
15138
6247
16432
17503
18810
18636
17165
18470
17494
19408
17779
8034
20363
19202
18768
19569
12076
13664
17127
19847
18048
17161
17205
16875
18886
18674
13803
18182
19065
15985
17760
13889
4663
16225
13802
15032
12533
17567
19138
19356
19673
19097
20124
18410
13249
16352
15805
13303
17218
17981
17095
17171
17401
14878
8050
6353
17129
18000
13758
15976
20835
18110
14796
20457
19126
17406
13889
19385
17093
11883
16253
16570
18815
15429
18230
19229
18784
12121
11089
16483
16257
20099
17791
10798
8051
16500
19192
19049
18527
13324
16239
18514
19143
13521
19903
20816
19148
18407
19154
19024
19648
15089
19276
19509
14770
12857
14605
19575
19789
18757
18759
16171
12915
17609
18589
19567
19531
3252
15066
18365
16489
6041
18369
20129
18930
19182
18735
19927
20631
20824
20817
13387
17299
8017
20590
20533
12533
19025
19836
19328
19056
15050
15638
17432
16210
19270
19809
15226
19925
17652
17901
14158
19778
18447
17059
18127
18285
12718
12070
19915
20428
12145
10598
18674
17900
17483
13889
18702
17679
18000
17286
10927
18679
17151
16577
12212
16318
14672
6013
11847
17051
19896
18755
12534
10646
9287
17073
15404
15138
16752
13779
14765
18376
13218
13708
12295
10657
16964
15925
12079
17188
13693
16774
18266
17153
15957
18036
17204
18869
16638
16176
17026
18853
20270
6458
16959
19421
18213
20226
17492
11089
4874
13877
15307
18212
11915
14145
18387
19182
16391
18605
16315
19158
11938
12534
18474
16153
7717
17276
10556
17508
13797
8048
6338
14976
17360
16244
14272
14002
15764
18315
17781
18828
19112
17604
17221
14533
17686
17612
18239
12284
15989
12198
18020
18535
17735
18674
15025
9492
15941
12529
20552
20134
19051
20112
19467
18532
10497
18561
19106
17468
12310
14474
19362
16574
10830
19373
17297
16607
16505
19299
16260
6426
18694
19320
19146
19143
15684
10248
10763
15382
16719
16441
10621
14861
15202
19145
19210
4644
15769
20282
20368
17296
6382
17035
18577
15714
18232
12082
12459
16769
18875
19069
19156
15228
16738
16962
13278
17828
14292
17908
18717
18020
18529
18509
15727
11089
15590
15399
19212
12055
11995
19782
16411
18252
16794
15043
15745
10623
12487
19229
19898
15990
16159
14790
13868
20372
19473
16353
17737
9476
18480
10546
16933
19231
18146
17825
15919
19758
17003
18781
19230
16215
20153
19405
19306
19294
18725
19209
19303
20088
19258
17404
11073
6482
15839
18805
19463
10721
14383
16585
18840
11824
17998
15080
16052
17428
19517
16109
19147
18131
19891
19233
19199
19805
14788
11762
11089
18417
18851
14864
16060
10906
18634
18544
13537
16499
19244
19698
16703
16686
18564
11089
20280
19139
13629
9249
20784
20305
20825
18227
11968
13649
19286
19504
16554
17807
18707
17122
15840
17626
14989
13334
17688
17760
15840
14541
14654
16523
17067
15622
16449
12220
17008
18689
19010
13271
16211
17229
19663
18811
16946
14834
20320
19724
15127
2919
14609
19497
11989
17177
13023
18835
10910
18158
6234
13754
18647
17306
15438
15563
6463
17999
18403
18839
19343
18303
18737
20317
16741
16168
18403
19190
18366
17288
19678
13472
16450
12283
18411
17663
12449
13868
18015
18494
18752
11874
15824
19821
19602
16888
9374
15903
20116
14659
18793
17933
17466
12462
12471
20100
20132
18369
19453
7735
17786
20565
18799
15515
15558
19820
19434
19969
19908
14907
17289
19369
13645
15093
14402
19750
19812
14290
15067
13590
15987
17066
13818
15638
17830
17910
18237
18691
13270
16752
17861
20008
16855
13583
18850
19608
16873
16964
18770
18786
17736
8008
15968
16282
15938
18815
16283
18301
18682
15933
15495
11089
11895
20002
18511
13515
17295
15933
12164
10922
19404
15865
15823
13887
16585
15823
15135
14956
20355
19526
18888
17810
19165
12308
16944
18574
18852
11699
10552
18583
19792
18975
20217
19099
7582
12354
19362
14225
10186
18829
19756
19183
17914
17746
10938
16738
17637
19585
17991
17350
17140
16921
14884
16435
18301
16526
14124
8028
13388
6450
14549
13167
15231
14789
17040
15631
14666
16826
17841
19266
20556
18840
10774
15874
19430
12705
18085
14278
15877
16955
18009
19376
18085
19484
12949
17243
14983
18435
19215
15839
7862
16084
20729
19397
19323
19967
19925
19392
11574
19265
18853
13102
19563
19837
17847
14752
19289
18548
17645
16189
16275
19653
19442
18633
18838
16738
17301
4859
13329
16698
18933
18281
19870
19960
19275
15489
16869
17985
13999
14676
13540
12369
19638
18860
13496
16306
18826
17301
4713
15848
18655
18112
19031
19946
18731
18831
12232
10784
6482
8030
15726
13351
15904
14345
18527
18240
19466
20474
16215
16217
18425
16118
19020
18217
19267
18454
19380
17467
17169
20821
19374
18853
18854
19160
18012
16788
19453
18496
20073
17458
17227
7539
18392
19279
19746
19657
7821
17027
14698
15867
16933
19277
19329
18029
19047
18057
17518
16915
19218
19881
19661
19103
19399
10726
18477
18796
18388
20018
18919
12501
20288
19266
15924
19078
17420
18733
19596
19267
18819
19119
19312
19498
15297
11089
17277
9386
19625
6261
10280
15119
15994
14890
15031
14671
14849
